nome,uriVella,NovoElemento,uriNiovo
